2800
610
390
476
380
275
285
298
213
289
199
184
175
177
188
90
102
189
86
187
94
122
89
82
87
119
100
89
103
86
92
89
65
101
100
93
98
85
98
49
91
80
91
99
83
87
86
72
93
84
134
98
75
80
93
71
99
86
59
61
50
58
98
82
81
83
185
64
53
84
63
50
89
53
55
87
87
98
88
51
85
87
57
97
98
121
91
49
58
103
104
58
201
109
87
86
59
88
103
57
72
79
99
175
196
120
51
201
60
80
92
88
86
60
51
57
82
116
94
96
45
118
86
58
60
86
182
101
138
103
88
48
105
94
55
61
78
92
91
46
91
107
50
118
86
49
56
46
111
97
47
55
102
96
193
95
46
99
84
51
60
48
82
177
48
86
88
92
87
96
89
55
92
50
57
45
80
95
85
56
87
81
88
61
79
88
61
197
117
92
79
88
93
106
79
86
47
57
48
85
76
82
90
91
90
104
91
48
82
88
56
92
84
47
59
98
48
108
93
49
57
93
49
199
87
48
86
48
78
62
46
54
90
49
77
88
87
85
101
47
58
93
50
53
86
82
102
83
78
85
184
49
105
104
97
187
104
87
93
97
46
113
228
52
129
126
89
95
92
50
59
62
52
93
97
98
60
95
48
119
92
48
105
98
51
83
87
86
85
99
48
94
85
50
57
98
99
197
213
187
82
90
77
85
57
51
85
95
50
56
90
78
68
95
97
51
86
98
49
59
88
49
109
67
51
60
90
101
114
123
50
99
88
51
116
86
50
77
94
49
54
97
48
56
102
212
79
89
95
48
88
192
50
105
92
78
92
94
108
92
88
51
94
94
95
49
62
59
48
85
105
52
180
186
51
111
98
50
88
95
62
82
93
106
46
57
93
50
85
88
126
124
87
48
58
89
61
49
63
112
50
89
62
48
56
86
47
83
92
92
50
58
93
49
98
89
50
58
89
98
84
183
93
83
105
96
49
96
91
48
52
95
62
77
58
96
52
57
63
50
51
93
89
52
58
89
54
97
91
123
73
97
110
51
85
60
79
84
103
609
87
101
93
50
59
90
51
48
93
90
86
88
92
76
86
91
94
50
60
89
50
61
65
90
49
98
93
52
99
97
81
87
65
94
85
93
91
51
113
89
92
84
90
100
90
95
94
93
91
96
93
107
90
88
89
81
87
92
52
92
193
90
94
88
93
51
64
89
100
50
86
88
50
105
86
95
53
91
89
51
49
59
107
49
109
106
102
48
61
117
94
91
123
93
56
98
89
51
54
94
97
51
64
192
91
53
93
91
95
90
91
87
50
80
89
108
86
82
94
50
55
95
98
50
86
104
94
53
57
188
94
90
90
107
49
59
104
117
213
101
85
119
85
96
91
96
89
56
65
117
91
114
91
86
87
98
66
49
122
91
49
56
97
95
77
189
64
92
50
60
62
96
71
103
84
92
93
89
93
111
72
90
93
79
84
89
92
86
88
103
108
52
110
93
68
52
59
61
64
55
94
86
93
95
82
98
89
50
63
64
95
79
95
85
94
50
125
89
105
51
61
62
53
50
87
87
52
93
90
88
52
96
90
96
52
96
61
87
104
75
87
91
80
94
91
64
67
81
99
121
542
79
103
91
98
52
61
91
92
52
58
97
95
50
95
97
96
51
99
89
96
53
83
94
99
57
62
88
67
90
83
95
97
103
80
100
284
96
50
228
99
91
58
100
64
205
192
65
97
198
81
91
91
64
93
91
96
149
103
57
98
92
94
76
92
63
95
92
87
95
90
107
53
89
90
102
62
96
101
70
57
88
92
92
100
54
111
81
91
80
90
124
94
53
178
89
92
71
87
92
100
67
52
83
92
91
106
83
95
92
123
53
85
96
91
104
79
96
92
95
52
113
93
91
79
56
66
174
100
84
68
90
102
129
85
95
90
93
78
88
101
101
589
75
68
68
99
60
94
94
190
73
76
128
115
96
98
77
85
63
97
83
93
96
96
103
53
111
128
123
194
87
120
63
95
52
99
96
96
100
54
98
107
94
97
107
96
195
106
114
76
88
66
95
73
54
94
92
94
77
94
96
95
99
100
94
96
122
100
89
66
106
193
96
54
104
94
92
100
80
96
88
91
97
83
100
97
95
96
93
98
96
99
95
85
63
87
97
104
82
199
93
98
99
56
94
96
99
104
55
103
97
93
96
56
63
91
101
91
77
102
96
67
195
81
100
98
66
514
109
80
113
125
101
69
88
82
67
98
100
53
97
93
67
113
58
85
140
99
101
