3691
691
372
578
489
217
587
291
497
200
277
474
484
93
394
118
173
90
381
43
94
345
400
343
414
84
170
342
41
381
85
84
39
47
97
94
89
49
343
99
41
54
386
342
50
44
350
81
74
83
377
44
89
41
348
38
53
46
78
40
54
71
39
47
86
84
188
349
41
47
40
54
339
49
40
112
36
49
38
79
39
39
340
346
347
41
81
79
384
39
47
339
213
111
348
46
47
39
391
38
48
40
51
487
80
171
373
41
41
92
41
347
41
49
38
116
39
48
78
347
339
348
42
91
78
86
96
85
339
99
40
81
40
50
38
51
346
105
84
52
339
50
38
41
346
401
45
42
95
38
47
44
46
40
47
340
49
39
47
38
49
344
47
43
50
40
78
339
350
340
51
339
51
44
351
40
50
41
127
38
350
39
83
341
376
82
50
41
351
40
62
339
391
43
350
41
51
78
101
42
50
351
72
343
83
75
351
41
50
342
101
91
350
39
48
341
51
40
349
42
53
340
51
342
55
40
356
40
81
91
48
344
349
45
350
40
90
345
112
341
53
341
46
40
351
41
48
43
71
83
50
40
47
346
411
99
78
41
345
85
40
66
92
82
40
50
40
52
76
53
43
53
345
50
40
352
40
54
43
394
43
49
345
106
41
348
41
48
40
350
341
349
41
347
93
104
198
105
189
341
101
45
419
39
80
89
50
43
48
42
351
344
349
115
80
45
347
42
48
53
42
53
342
54
342
354
40
49
41
49
394
78
100
51
342
50
42
51
43
45
54
42
353
343
96
41
54
43
353
342
49
40
115
96
354
343
52
53
343
359
44
51
49
354
347
52
42
121
43
51
42
351
390
49
91
41
353
103
352
47
350
43
351
48
49
42
47
55
42
85
40
75
344
56
41
50
340
353
344
94
380
42
54
41
53
344
75
42
53
343
121
77
41
354
45
353
48
51
41
353
45
119
41
42
82
345
120
44
112
346
51
42
93
42
343
56
44
359
50
50
42
104
378
52
57
43
357
344
353
345
53
344
53
40
350
355
45
77
44
81
346
53
43
54
92
343
56
349
54
100
352
47
51
87
45
353
42
90
46
51
46
89
41
343
57
43
354
43
53
47
50
60
44
53
42
64
347
54
48
351
86
43
381
99
352
94
81
390
91
379
44
131
345
52
43
51
59
345
54
43
353
45
111
44
54
85
43
86
346
355
346
56
486
46
56
43
57
43
352
47
53
379
349
93
46
52
49
352
358
43
53
49
52
80
352
107
51
105
45
109
45
54
59
97
357
210
84
347
81
55
45
55
44
54
43
126
84
45
419
46
398
348
50
85
43
54
45
57
47
417
358
47
55
44
75
357
42
126
344
54
45
357
89
45
78
344
53
345
50
119
47
54
347
354
107
43
